# .test .cputime .temperature .time_mat1 .time_mat2
1 0.001083  0.000 0.000021 0.000003
2 0.001988  0.000 0.000004 0.000004
3 0.003305  0.000 0.000025 0.000003
4 0.004389  0.000 0.000005 0.000004
5 0.005350  0.000 0.000020 0.000005
6 0.006379  0.000 0.000016 0.000005
7 0.007512  0.000 0.000022 0.000005
8 0.008483 -0.974 0.000018 0.000005
9 0.009472 -0.974 0.000022 0.000006
10 0.010549  0.000 0.000019 0.000007
11 0.011644  0.000 0.000024 0.000008
12 0.012605 -1.461 0.000020 0.000009
13 0.013515 -1.461 0.000027 0.000010
14 0.014398 -0.487 0.000022 0.000011
15 0.015426 -0.487 0.000029 0.000012
16 0.016561  0.000 0.000026 0.000013
17 0.017726  0.000 0.000025 0.000015
18 0.018861 -0.487 0.000032 0.000016
19 0.019806 -0.487 0.000029 0.000017
20 0.020839 -0.974 0.000035 0.000019
21 0.021866  0.000 0.000033 0.000021
22 0.022821 -0.487 0.000038 0.000022
23 0.023636  0.000 0.000035 0.000023
24 0.025171  0.974 0.000042 0.000026
25 0.025904 -0.487 0.000038 0.000027
26 0.026953  0.000 0.000045 0.000029
27 0.027856  0.000 0.000043 0.000031
28 0.028803  0.000 0.000049 0.000034
29 0.029737 -0.487 0.000035 0.000036
30 0.030627  0.000 0.000060 0.000039
31 0.031509  0.000 0.000087 0.000042
32 0.033505  0.000 0.000065 0.000044
33 0.034431  0.487 0.000038 0.000046
34 0.035382  0.000 0.000062 0.000048
35 0.036508  0.487 0.000043 0.000051
36 0.037273  1.461 0.000066 0.000055
37 0.038252  0.487 0.000048 0.000056
38 0.038967  0.487 0.000072 0.000060
39 0.040197  0.974 0.000053 0.000063
40 0.041870  0.974 0.000079 0.000067
41 0.043030  0.974 0.000057 0.000070
42 0.043636  0.487 0.000081 0.000074
43 0.044937  0.974 0.000062 0.000076
44 0.045826  0.487 0.000085 0.000081
45 0.046942  0.974 0.000067 0.000084
46 0.047838  0.487 0.000092 0.000089
47 0.048883  0.974 0.000073 0.000092
48 0.049572  0.974 0.000097 0.000095
49 0.050342  0.000 0.000079 0.000098
50 0.051178  0.974 0.000104 0.000105
51 0.053264  0.487 0.000085 0.000107
52 0.054387  0.487 0.000110 0.000110
53 0.055119  0.487 0.000092 0.000114
54 0.056503  1.461 0.000118 0.000119
55 0.056897  1.461 0.000098 0.000124
56 0.057955  1.948 0.000117 0.000127
57 0.058847  1.461 0.000118 0.000132
58 0.059547  0.974 0.000126 0.000136
59 0.060741  1.948 0.000126 0.000141
60 0.061805  0.974 0.000134 0.000145
61 0.062708  1.461 0.000133 0.000148
62 0.063069  1.461 0.000142 0.000153
63 0.064715  1.948 0.000140 0.000158
64 0.065601  2.435 0.000196 0.000161
65 0.066101  0.974 0.000148 0.000166
66 0.067454  1.461 0.000158 0.000170
67 0.068437  1.948 0.000158 0.000176
68 0.069274  1.948 0.000167 0.000180
69 0.070707  1.461 0.000168 0.000188
70 0.071350  1.461 0.000172 0.000192
71 0.072463  2.435 0.000180 0.000194
72 0.073343  1.461 0.000180 0.000242
73 0.074241  1.461 0.000189 0.000205
74 0.075292  1.461 0.000195 0.000213
75 0.076142  1.948 0.000200 0.000216
76 0.076837  1.461 0.000205 0.000223
77 0.077695  1.948 0.000208 0.000228
78 0.078734  0.487 0.000211 0.000233
79 0.079763  1.948 0.000222 0.000239
80 0.081034  1.461 0.000231 0.000246
81 0.082088  1.461 0.000234 0.000251
82 0.082697  1.461 0.000220 0.000259
83 0.083625  1.461 0.000249 0.000265
84 0.084132  1.948 0.000274 0.000273
85 0.085475  2.922 0.000260 0.000277
86 0.086264  2.435 0.000246 0.000285
87 0.087269  1.948 0.000275 0.000292
88 0.088725  1.948 0.000248 0.000298
89 0.089438  1.948 0.000294 0.000305
90 0.090484  2.435 0.000278 0.000313
91 0.091766  2.435 0.000316 0.000320
92 0.092293  1.948 0.000279 0.000327
93 0.093673  2.435 0.000330 0.000334
94 0.094416  2.922 0.000296 0.000385
95 0.095464  2.435 0.000385 0.000347
96 0.097048  1.948 0.000300 0.000355
97 0.097907  2.435 0.000353 0.000360
98 0.098592  2.435 0.000331 0.000369
99 0.099589  1.948 0.000366 0.000376
100 0.100137  3.409 0.000326 0.000385
101 0.100735  2.922 0.000440 0.000393
102 0.102934  1.948 0.000398 0.000400
103 0.103687  1.948 0.000397 0.000407
104 0.105051  2.435 0.000358 0.000416
105 0.105822  2.435 0.000402 0.000424
106 0.106518  1.948 0.000370 0.000436
107 0.108393  2.435 0.000413 0.000438
108 0.108758  2.922 0.000417 0.000451
109 0.109288  1.948 0.000412 0.000454
110 0.110674  2.922 0.000419 0.000463
111 0.110754  2.435 0.000434 0.000470
112 0.112426  2.922 0.000469 0.000479
113 0.113355  2.922 0.000444 0.000486
114 0.114999  2.435 0.000441 0.000502
115 0.115796  2.922 0.000463 0.000542
116 0.116731  2.922 0.000463 0.000512
117 0.118150  1.461 0.000490 0.000520
118 0.119292  2.435 0.000472 0.000529
119 0.119945  4.383 0.000491 0.000537
120 0.120683  3.409 0.000498 0.000546
121 0.121948  4.383 0.000538 0.000556
122 0.122920  2.435 0.000565 0.000574
123 0.124220  2.922 0.000516 0.000575
124 0.124692  2.922 0.000516 0.000634
125 0.125898  2.922 0.000525 0.000593
126 0.127174  3.409 0.000534 0.000646
127 0.127297  2.922 0.000593 0.000611
128 0.129733  3.409 0.000545 0.000656
129 0.130049  3.409 0.000553 0.000632
130 0.130427  2.435 0.000560 0.000642
131 0.132577  3.409 0.000568 0.000651
132 0.133430  1.948 0.000572 0.000699
133 0.134171  3.409 0.000561 0.000673
134 0.135310  3.896 0.000644 0.000684
135 0.136667  2.922 0.000578 0.000696
136 0.137133  3.409 0.000613 0.000705
137 0.138036  4.383 0.000623 0.000715
138 0.139488  3.409 0.000628 0.000725
139 0.141099  3.409 0.000654 0.000737
140 0.141417  3.409 0.000643 0.000781
141 0.142155  2.922 0.000623 0.000757
142 0.143921  3.896 0.000672 0.000769
143 0.144065  3.896 0.000638 0.000779
144 0.145030  3.409 0.000677 0.000799
145 0.146004  3.896 0.000661 0.000810
146 0.147006  4.383 0.000692 0.000816
147 0.148093  3.896 0.000670 0.000860
148 0.148668  4.383 0.000710 0.000837
149 0.150114  2.922 0.000685 0.000864
150 0.151651  3.896 0.000724 0.000859
151 0.151794  2.922 0.000756 0.000873
152 0.153340  3.896 0.000740 0.000943
153 0.155289  4.383 0.000723 0.000906
154 0.154690  3.896 0.000760 0.000908
155 0.157037  3.409 0.000796 0.000923
156 0.157419  3.409 0.000779 0.000975
157 0.158102  3.896 0.000759 0.000985
158 0.159188  3.409 0.000802 0.000957
159 0.160258  4.870 0.000779 0.001038
160 0.161474  4.383 0.000811 0.000979
161 0.162676  4.383 0.000815 0.001038
162 0.162990  4.870 0.000899 0.001006
163 0.164252  3.896 0.000835 0.001039
164 0.165197  2.922 0.000852 0.001047
165 0.166496  2.922 0.000853 0.001064
166 0.167561  4.383 0.000914 0.001055
167 0.169032  3.409 0.000871 0.001112
168 0.168507  3.896 0.000893 0.001079
169 0.170133  3.896 0.000897 0.001094
170 0.171942  3.409 0.000913 0.001105
171 0.171911  3.896 0.000917 0.001165
172 0.173181  4.870 0.000928 0.001165
173 0.173795  3.896 0.000942 0.001184
174 0.176538  3.896 0.000947 0.001160
175 0.175701  3.409 0.000963 0.001226
176 0.176436  3.896 0.000968 0.001211
177 0.179065  3.409 0.001051 0.001206
178 0.178139  4.383 0.001035 0.001244
179 0.181509  4.870 0.001053 0.001247
180 0.181454  4.870 0.001064 0.001252
181 0.181161  4.383 0.001085 0.001265
182 0.182715  3.896 0.001037 0.001277
183 0.184416  4.870 0.001102 0.001293
184 0.184377  4.870 0.001042 0.001363
185 0.187378  4.383 0.001084 0.001326
186 0.187053  3.896 0.001066 0.001394
187 0.188637  4.870 0.001105 0.001358
188 0.191369  5.357 0.001138 0.001370
189 0.189711  4.870 0.001162 0.001388
190 0.190723  3.896 0.001109 0.001396
191 0.193820  3.896 0.001152 0.001480
192 0.193544  4.383 0.001133 0.001482
193 0.193614  4.870 0.001173 0.001484
194 0.195697  5.357 0.001158 0.001470
195 0.195045  4.383 0.001250 0.001505
196 0.196699  3.896 0.001226 0.001502
197 0.196742  4.383 0.001224 0.001562
198 0.198145  3.896 0.001249 0.001576
199 0.201631  4.870 0.001252 0.001552
200 0.200383  4.383 0.001275 0.001569
201 0.201579  4.383 0.001299 0.001588
202 0.204005  4.870 0.001301 0.001614
203 0.204616  4.383 0.001348 0.001619
204 0.204167  5.357 0.001281 0.001704
205 0.205583  5.357 0.001372 0.001656
206 0.207212  4.870 0.001311 0.001789
207 0.208700  4.870 0.001387 0.001769
208 0.208917  5.357 0.001334 0.001789
209 0.210730  5.357 0.001409 0.001724
210 0.210581  4.870 0.001356 0.001803
211 0.212057  4.870 0.001435 0.001831
212 0.212915  5.357 0.001441 0.001891
213 0.214851  3.896 0.001421 0.001816
214 0.213331  4.870 0.001456 0.001884
215 0.217780  5.844 0.001488 0.001882
216 0.218877  4.870 0.001494 0.001935
217 0.217901  4.870 0.001514 0.001928
218 0.219285  4.870 0.001522 0.001958
219 0.218130  4.870 0.001594 0.001924
220 0.220981  4.870 0.001577 0.001934
221 0.221427  6.331 0.001560 0.002027
222 0.221995  5.844 0.001610 0.001979
223 0.224700  5.844 0.001631 0.002001
224 0.225303  5.357 0.001600 0.002129
225 0.224879  4.383 0.001621 0.002130
226 0.226353  4.870 0.001687 0.002108
227 0.229466  5.357 0.001658 0.002199
228 0.228600  5.357 0.001623 0.002174
229 0.231143  5.357 0.001630 0.002196
230 0.230560  5.357 0.001743 0.002158
231 0.233009  5.357 0.001705 0.002237
232 0.232563  4.870 0.001731 0.002289
233 0.234018  5.357 0.001738 0.002210
234 0.236960  4.870 0.001758 0.002309
235 0.236445  6.331 0.001754 0.002356
236 0.236361  5.844 0.001801 0.002328
237 0.239423  4.383 0.001735 0.002368
238 0.238420  5.357 0.001832 0.002417
239 0.240804  5.357 0.001804 0.002405
240 0.240183  5.357 0.001893 0.002373
241 0.241364  4.870 0.001845 0.002464
242 0.243460  5.844 0.001909 0.002499
243 0.243288  5.844 0.001829 0.002507
244 0.244246  5.844 0.001928 0.002574
245 0.248400  5.357 0.001975 0.002536
246 0.247624  5.357 0.001999 0.002584
247 0.248248  4.870 0.001965 0.002642
248 0.252407  6.331 0.002007 0.002700
249 0.249526  4.870 0.001986 0.002626
250 0.252119  5.844 0.002037 0.002757
251 0.253057  6.818 0.002083 0.002634
252 0.252493  6.818 0.002114 0.002752
253 0.252041  6.818 0.002022 0.002848
254 0.255363  5.357 0.002031 0.002857
255 0.267861  6.818 0.002068 0.002799
256 0.259125  5.357 0.002201 0.002783
257 0.269395  5.844 0.002071 0.002967
258 0.260062  5.844 0.002235 0.002876
259 0.262621  5.844 0.002206 0.002902
260 0.258679  5.844 0.002230 0.003422
261 0.260335  6.331 0.002118 0.003055
262 0.264236  5.844 0.002256 0.002989
263 0.264659  4.870 0.002250 0.003073
264 0.264263  6.331 0.002334 0.003024
265 0.266725  5.357 0.002316 0.003389
266 0.266151  5.357 0.002293 0.003040
267 0.269148  6.331 0.002282 0.003155
268 0.268433  6.331 0.002326 0.003231
269 0.269626  5.844 0.002326 0.003219
270 0.274992  5.844 0.002364 0.003299
271 0.271462  6.331 0.002404 0.003323
272 0.274035  5.844 0.002424 0.003329
273 0.275909  6.331 0.002393 0.003339
274 0.275678  6.331 0.002364 0.003402
275 0.276234  6.331 0.002504 0.003464
276 0.278122  6.818 0.002718 0.003449
277 0.278130  6.331 0.002575 0.003481
278 0.279475  5.357 0.002429 0.003509
279 0.279473  5.844 0.002568 0.003516
280 0.282579  5.844 0.002511 0.003606
281 0.282542  5.844 0.002599 0.003686
282 0.282662  5.844 0.002581 0.003585
283 0.283622  6.331 0.002602 0.003697
284 0.286166  6.331 0.002534 0.003695
285 0.285963  5.844 0.002592 0.003728
286 0.287579  6.818 0.002606 0.003806
287 0.289555  6.818 0.002829 0.003764
288 0.288267  7.305 0.002655 0.003850
289 0.289606  6.331 0.002745 0.003908
290 0.290421  6.331 0.002629 0.003959
291 0.294391  6.331 0.002808 0.003966
292 0.293110  6.331 0.002710 0.003938
293 0.293130  7.305 0.002839 0.003955
294 0.297294  5.844 0.002756 0.004093
295 0.296500  6.331 0.002846 0.004070
296 0.297346  7.305 0.002835 0.004082
297 0.298902  6.331 0.002982 0.004157
298 0.297642  6.818 0.002785 0.004195
299 0.300556  6.818 0.002879 0.004199
300 0.300697  6.331 0.002814 0.004212
301 0.300231  6.818 0.002914 0.004315
302 0.303278  6.818 0.002909 0.004400
303 0.303868  6.818 0.003116 0.004346
304 0.305692  6.331 0.002943 0.004348
305 0.310871  6.818 0.003016 0.004423
306 0.306547  6.818 0.002937 0.004442
307 0.305680  6.818 0.003111 0.004509
308 0.311990  7.305 0.003079 0.004482
309 0.308311  6.818 0.003124 0.004610
310 0.310258  6.331 0.003026 0.004664
311 0.314436  6.331 0.003224 0.004766
312 0.312814  7.305 0.003203 0.004698
313 0.313767  6.818 0.003204 0.004732
314 0.314474  6.818 0.003173 0.004746
315 0.315113  6.818 0.003252 0.004829
316 0.322013  7.305 0.003239 0.004782
317 0.317839  7.792 0.003282 0.004976
318 0.319460  6.331 0.003290 0.004928
319 0.324688  5.844 0.003372 0.004969
320 0.319765  6.331 0.003456 0.004986
321 0.321892  6.331 0.003460 0.005022
322 0.324031  7.792 0.003333 0.005087
323 0.325283  7.305 0.003380 0.005036
324 0.325071  7.305 0.003361 0.005277
325 0.326959  8.279 0.003381 0.005148
326 0.326015  6.818 0.003442 0.005220
327 0.329931  6.331 0.003402 0.005248
328 0.327552  6.331 0.003443 0.005344
329 0.331117  6.818 0.003393 0.005361
330 0.338270  7.305 0.003528 0.005450
331 0.331374  6.818 0.003478 0.005388
332 0.334568  6.331 0.003641 0.005473
333 0.334661  7.792 0.003608 0.005533
334 0.333803  7.305 0.003606 0.005666
335 0.337385  7.305 0.003573 0.005557
336 0.337310  7.305 0.003745 0.005595
337 0.338721  6.818 0.003744 0.005646
338 0.340407  6.331 0.003697 0.005720
339 0.340576  7.792 0.003632 0.005685
340 0.342446  7.305 0.003748 0.005742
341 0.344604  7.305 0.003669 0.005815
342 0.342682  7.792 0.003756 0.005954
343 0.342728  7.792 0.003800 0.005959
344 0.347360  8.279 0.003818 0.005948
345 0.345549  6.331 0.003756 0.005963
346 0.348294  6.818 0.003895 0.006063
347 0.350810  7.792 0.003800 0.006102
348 0.347904  6.818 0.004036 0.006168
349 0.348876  7.792 0.003843 0.006112
350 0.350830  6.818 0.003936 0.006212
351 0.356451  7.305 0.004020 0.006296
352 0.354886  8.279 0.004091 0.006330
353 0.353243  8.279 0.004046 0.006284
354 0.357026  6.818 0.004025 0.006410
355 0.356474  6.818 0.004099 0.006485
356 0.356600  7.792 0.004148 0.006411
357 0.357915  7.305 0.003990 0.006428
358 0.359433  7.792 0.004082 0.006498
359 0.362416  7.305 0.004177 0.006580
360 0.361521  7.792 0.004140 0.006628
361 0.361307  7.305 0.004100 0.006710
362 0.366813  7.305 0.004268 0.006651
363 0.363653  7.792 0.004135 0.006798
364 0.363988  7.792 0.004303 0.006842
365 0.372354  8.279 0.004324 0.006936
366 0.364964  7.792 0.004236 0.006848
367 0.368794  7.792 0.004249 0.007025
368 0.370393  7.305 0.004457 0.006916
369 0.367317  7.792 0.004447 0.006975
370 0.371000  7.792 0.004474 0.007013
371 0.373027  8.766 0.004413 0.007101
372 0.371682  8.279 0.004478 0.007226
373 0.375708  7.792 0.004498 0.007173
374 0.375101  7.305 0.004515 0.007174
375 0.378553  6.331 0.004445 0.007341
376 0.384804  8.279 0.004521 0.007199
377 0.374854  9.253 0.004497 0.007352
378 0.378338  8.279 0.004491 0.007432
379 0.383014  8.279 0.004702 0.007505
380 0.379524  7.792 0.004711 0.007462
381 0.381546  7.792 0.004698 0.007610
382 0.383033  6.818 0.004646 0.007615
383 0.386731  8.279 0.004624 0.007671
384 0.384236  8.279 0.004661 0.007741
385 0.382615  8.766 0.004672 0.007729
386 0.386307  7.792 0.004830 0.007714
387 0.394112  7.792 0.004766 0.007802
388 0.385614  8.766 0.004847 0.007819
389 0.388470  8.766 0.004790 0.007923
390 0.396521  8.279 0.004921 0.008084
391 0.391391  8.279 0.004826 0.007970
392 0.394469  8.766 0.004883 0.008090
393 0.393913  7.792 0.005108 0.008011
394 0.393007  7.792 0.004944 0.008037
395 0.396324  8.279 0.005011 0.008104
396 0.396532  9.253 0.005017 0.008213
397 0.399494  8.766 0.005099 0.008241
398 0.404542  8.279 0.005027 0.008338
399 0.397644  7.792 0.005107 0.008347
400 0.400297  8.766 0.005102 0.008304
401 0.406111  7.792 0.005067 0.008373
402 0.401043  8.766 0.005187 0.008518
403 0.403131  8.279 0.005261 0.008494
404 0.405580  7.792 0.005096 0.008585
405 0.405858  8.279 0.005235 0.008672
406 0.406361  8.279 0.005183 0.008651
407 0.410519  8.279 0.005343 0.008657
408 0.411283  8.766 0.005403 0.008754
409 0.412289  9.253 0.005267 0.008797
410 0.408227  8.279 0.005460 0.008889
411 0.415931  8.766 0.005326 0.008941
412 0.417486  8.766 0.005395 0.008918
413 0.412512  7.792 0.005515 0.008885
414 0.416372  9.253 0.005604 0.008972
415 0.417149  8.279 0.005537 0.009043
416 0.416308  8.766 0.005696 0.009113
417 0.419562  8.279 0.005601 0.009215
418 0.418169  9.253 0.005654 0.009230
419 0.423308  8.279 0.005650 0.009285
420 0.422050  8.279 0.005694 0.009227
421 0.422150  8.766 0.005762 0.009223
422 0.428654  8.766 0.005848 0.009354
423 0.423984  8.279 0.005661 0.009354
424 0.424985  8.279 0.005691 0.009434
425 0.431251  9.253 0.005695 0.009521
426 0.426851  7.792 0.005835 0.009598
427 0.428009  8.766 0.005817 0.009570
428 0.430218  9.740 0.005857 0.009699
429 0.429595  9.740 0.006126 0.009773
430 0.431072  9.253 0.005928 0.009689
431 0.433581  9.253 0.005809 0.009724
432 0.431670  9.253 0.005948 0.009814
433 0.440980  8.766 0.005967 0.009843
434 0.433861  8.279 0.005878 0.010000
435 0.435638  8.279 0.006008 0.010107
436 0.442043  8.766 0.006082 0.010040
437 0.437323  8.279 0.005994 0.010160
438 0.439727  8.766 0.006021 0.010178
439 0.439359 10.227 0.006124 0.010258
440 0.439504  8.766 0.006071 0.010262
441 0.441315  9.740 0.006235 0.010306
442 0.444354  9.740 0.006079 0.010380
443 0.444197  9.253 0.006208 0.010636
444 0.447544  8.279 0.006164 0.010450
445 0.443875  8.766 0.006187 0.010357
446 0.447654  9.253 0.006314 0.010480
447 0.456998  9.253 0.006264 0.010819
448 0.449705  9.740 0.006210 0.010736
449 0.448471  9.740 0.006387 0.010637
450 0.457925  9.253 0.006405 0.010674
451 0.451341  9.253 0.006255 0.010880
452 0.452121  9.253 0.006599 0.010815
453 0.451021  9.253 0.006436 0.011027
454 0.454784  9.740 0.006501 0.010969
455 0.458690  9.253 0.006304 0.010989
456 0.456610  8.766 0.006600 0.011050
457 0.456033  9.740 0.006442 0.011055
458 0.467542  9.740 0.006629 0.011110
459 0.460865  9.253 0.006554 0.011281
460 0.463152  9.740 0.006685 0.011174
461 0.461501  9.253 0.006592 0.011220
462 0.462183  9.740 0.006823 0.011194
463 0.464825  9.253 0.006624 0.011404
464 0.464521  9.253 0.006821 0.011462
465 0.465393  9.253 0.006774 0.011476
466 0.467980  8.279 0.006838 0.011516
467 0.467738  9.253 0.006674 0.011611
468 0.467722  8.766 0.007021 0.011555
469 0.473607  8.766 0.006815 0.011592
470 0.472569  9.740 0.007040 0.011769
471 0.474254 10.227 0.006997 0.011818
472 0.471473  8.279 0.007060 0.011820
473 0.472762  9.253 0.006985 0.011802
474 0.475606  8.279 0.007101 0.011802
475 0.475942  8.766 0.006862 0.011933
476 0.478906  9.740 0.007229 0.011950
477 0.479155  9.253 0.006906 0.012132
478 0.479408  9.740 0.007282 0.012193
479 0.484759  8.279 0.007154 0.012135
480 0.481838  8.766 0.007114 0.012198
481 0.478870 10.227 0.007390 0.012395
482 0.489925  9.253 0.007171 0.012314
483 0.485194  9.253 0.007237 0.012390
484 0.482840  9.253 0.007174 0.012548
485 0.489988  9.253 0.007585 0.012624
486 0.488309  9.253 0.007283 0.012595
487 0.487892  8.766 0.007327 0.012705
488 0.489635  8.766 0.007348 0.012681
489 0.487710 10.714 0.007399 0.012694
490 0.492870  9.253 0.007531 0.012863
491 0.492571 10.227 0.007461 0.012864
492 0.492564  8.766 0.007374 0.012949
493 0.502541  9.740 0.007493 0.012982
494 0.492263  9.740 0.007432 0.013068
495 0.493649  9.740 0.007578 0.013106
496 0.506141  9.740 0.007561 0.013128
497 0.498145  9.253 0.007651 0.013117
498 0.499122 10.714 0.007583 0.013153
499 0.501203  9.740 0.007698 0.013341
500 0.503308  9.253 0.007672 0.013330
